# The SWELLS-VI data, in an R list. X contains the measurements
# in the order (bulge, disk, total), where the first two assume
# Salpeter IMF.
data <-
structure(list(X = structure(c(10.6529458721, 10.544953174, 11.0690548976, 
10.3773373753, 11.2268981712, 10.6039858316, 10.6111959674, 10.8501799299, 
10.8028867858, 10.8782233036, 11.1617429644, 10.7516121384, 10.2086175478, 
10.5585755093, 10.7596013802, 10.6655598322, 10.7626331424, 10.2095425504, 
10.6464333957, 10.1479728979, 9.85197233424, 10.0081993151, 10.5013810814, 
10.3471552811, 10.2122778255, 9.47714527321, 9.72303863057, 10.3782054887, 
10.5477873361, 10.6866057016, 10.3651110159, 10.7062154554, 10.0514524244, 
10.2626511439, 9.11283125101, 9.54330092962, 9.92208157822, 10.3695789025, 
10.7067523652, 10.6420731536, 11.1505857576, 10.6055195075, 11.612383985, 
10.9348453567, 10.3037922896, 10.8200048844, 11.0591502693, 11.0349120422, 
11.179616632, 10.8848641992, 10.7865481845, 10.6335953908, 10.9509679104, 
10.4364831383, 10.9513670474, 10.471293352, 10.7712453512), .Dim = c(19L, 
3L), .Dimnames = list(NULL, c("V1", "V3", "V5"))), sig = structure(c(0.09, 
0.16, 0.09, 0.11, 0.17, 0.09, 0.18, 0.1, 0.08, 0.09, 0.14, 0.16, 
0.13, 0.08, 0.07, 0.1, 0.1, 0.06, 0.1, 0.08, 0.16, 0.09, 0.13, 
0.17, 0.09, 0.12, 0.09, 0.1, 0.1, 0.15, 0.12, 0.14, 0.09, 0.08, 
0.11, 0.08, 0.09, 0.08, 0.047189696014, 0.0184875611929, 0.0152144585402, 
0.00889413487845, 0.00646766335639, 0.0231151519035, 0.0458061948245, 
0.012089670944, 0.00937341732229, 0.0112321659168, 0.00515471986464, 
0.00752507219694, 0.0415547710339, 0.0278574584057, 0.012068007851, 
0.124189949525, 0.0175344435579, 0.0097096643497, 0.0548147528407
), .Dim = c(19L, 3L), .Dimnames = list(NULL, c("V2", "V4", "V6"
))), N = 19L, log10_sig_sie = c(0.0725009754515162, 0.0571801762691817, 
0.189299893998651, 0.0805802495195924, 0.324995817352105, 0.165510644354933, 
0, 0.115967701418676, 0.189440842100978, 0.13889842317769, 0.149023085504989, 
0.127718819300748, 0.105306527054355, 0.065508688622836, 0.100107815454316, 
0.0307054504809834, 0.184493495667263, 0.0678483303194124, 0.0836671878237443
)), .Names = c("X", "sig", "N", "log10_sig_sie"))
